Dynamical matrix file
                                                                           
  2    2  2 10.6907468  0.0000000  0.0000000  0.0000000  0.0000000  0.0000000
           1  'Na  '    20953.8925830010     
           2  'Cl  '    32313.4327163155     
    1    1      0.0000000000      0.0000000000      0.0000000000
    2    2     -0.5000000000      0.5000000000      0.5000000000

     Dynamical  Matrix in cartesian axes

     q = (    0.750000000  -0.250000000   0.750000000 ) 

    1    1
  0.03841343  0.00000000   -0.00738926  0.00000000    0.00718877  0.00000000
 -0.00738926  0.00000000    0.04601903  0.00000000   -0.00738926  0.00000000
  0.00718877  0.00000000   -0.00738926  0.00000000    0.03841343  0.00000000
    1    2
  0.01136319  0.01136319   -0.00281804 -0.00281804   -0.00013661 -0.00013661
 -0.00027410 -0.00027410   -0.00472153 -0.00472153   -0.00027410 -0.00027410
 -0.00013661 -0.00013661   -0.00281804 -0.00281804    0.01136319  0.01136319
    2    1
  0.01136319 -0.01136319   -0.00027410  0.00027410   -0.00013661  0.00013661
 -0.00281804  0.00281804   -0.00472153  0.00472153   -0.00281804  0.00281804
 -0.00013661  0.00013661   -0.00027410  0.00027410    0.01136319 -0.01136319
    2    2
  0.04765919  0.00000000   -0.00843293  0.00000000    0.01009434  0.00000000
 -0.00843293  0.00000000    0.06266394  0.00000000   -0.00843293  0.00000000
  0.01009434  0.00000000   -0.00843293  0.00000000    0.04765919  0.00000000

     Dynamical  Matrix in cartesian axes

     q = (    0.750000000  -0.250000000  -0.750000000 ) 

    1    1
  0.03841343  0.00000000   -0.00738926  0.00000000   -0.00718877  0.00000000
 -0.00738926  0.00000000    0.04601903  0.00000000    0.00738926  0.00000000
 -0.00718877  0.00000000    0.00738926  0.00000000    0.03841343  0.00000000
    1    2
  0.01136319 -0.01136319   -0.00281804  0.00281804    0.00013661 -0.00013661
 -0.00027410  0.00027410   -0.00472153  0.00472153    0.00027410 -0.00027410
  0.00013661 -0.00013661    0.00281804 -0.00281804    0.01136319 -0.01136319
    2    1
  0.01136319  0.01136319   -0.00027410 -0.00027410    0.00013661  0.00013661
 -0.00281804 -0.00281804   -0.00472153 -0.00472153    0.00281804  0.00281804
  0.00013661  0.00013661    0.00027410  0.00027410    0.01136319  0.01136319
    2    2
  0.04765919  0.00000000   -0.00843293  0.00000000   -0.01009434  0.00000000
 -0.00843293  0.00000000    0.06266394  0.00000000    0.00843293  0.00000000
 -0.01009434  0.00000000    0.00843293  0.00000000    0.04765919  0.00000000

     Dynamical  Matrix in cartesian axes

     q = (   -0.750000000  -0.250000000  -0.750000000 ) 

    1    1
  0.03841343  0.00000000    0.00738926  0.00000000    0.00718877  0.00000000
  0.00738926  0.00000000    0.04601903  0.00000000    0.00738926  0.00000000
  0.00718877  0.00000000    0.00738926  0.00000000    0.03841343  0.00000000
    1    2
  0.01136319  0.01136319    0.00281804  0.00281804   -0.00013661 -0.00013661
  0.00027410  0.00027410   -0.00472153 -0.00472153    0.00027410  0.00027410
 -0.00013661 -0.00013661    0.00281804  0.00281804    0.01136319  0.01136319
    2    1
  0.01136319 -0.01136319    0.00027410 -0.00027410   -0.00013661  0.00013661
  0.00281804 -0.00281804   -0.00472153  0.00472153    0.00281804 -0.00281804
 -0.00013661  0.00013661    0.00027410 -0.00027410    0.01136319 -0.01136319
    2    2
  0.04765919  0.00000000    0.00843293  0.00000000    0.01009434  0.00000000
  0.00843293  0.00000000    0.06266394  0.00000000    0.00843293  0.00000000
  0.01009434  0.00000000    0.00843293  0.00000000    0.04765919  0.00000000

     Dynamical  Matrix in cartesian axes

     q = (   -0.750000000  -0.250000000   0.750000000 ) 

    1    1
  0.03841343  0.00000000    0.00738926  0.00000000   -0.00718877  0.00000000
  0.00738926  0.00000000    0.04601903  0.00000000   -0.00738926  0.00000000
 -0.00718877  0.00000000   -0.00738926  0.00000000    0.03841343  0.00000000
    1    2
 -0.01136319  0.01136319   -0.00281804  0.00281804   -0.00013661  0.00013661
 -0.00027410  0.00027410    0.00472153 -0.00472153    0.00027410 -0.00027410
 -0.00013661  0.00013661    0.00281804 -0.00281804   -0.01136319  0.01136319
    2    1
 -0.01136319 -0.01136319   -0.00027410 -0.00027410   -0.00013661 -0.00013661
 -0.00281804 -0.00281804    0.00472153  0.00472153    0.00281804  0.00281804
 -0.00013661 -0.00013661    0.00027410  0.00027410   -0.01136319 -0.01136319
    2    2
  0.04765919  0.00000000    0.00843293  0.00000000   -0.01009434  0.00000000
  0.00843293  0.00000000    0.06266394  0.00000000   -0.00843293  0.00000000
 -0.01009434  0.00000000   -0.00843293  0.00000000    0.04765919  0.00000000

     Dynamical  Matrix in cartesian axes

     q = (   -0.750000000   0.250000000  -0.750000000 ) 

    1    1
  0.03841343  0.00000000   -0.00738926  0.00000000    0.00718877  0.00000000
 -0.00738926  0.00000000    0.04601903  0.00000000   -0.00738926  0.00000000
  0.00718877  0.00000000   -0.00738926  0.00000000    0.03841343  0.00000000
    1    2
  0.01136319 -0.01136319   -0.00281804  0.00281804   -0.00013661  0.00013661
 -0.00027410  0.00027410   -0.00472153  0.00472153   -0.00027410  0.00027410
 -0.00013661  0.00013661   -0.00281804  0.00281804    0.01136319 -0.01136319
    2    1
  0.01136319  0.01136319   -0.00027410 -0.00027410   -0.00013661 -0.00013661
 -0.00281804 -0.00281804   -0.00472153 -0.00472153   -0.00281804 -0.00281804
 -0.00013661 -0.00013661   -0.00027410 -0.00027410    0.01136319  0.01136319
    2    2
  0.04765919  0.00000000   -0.00843293  0.00000000    0.01009434  0.00000000
 -0.00843293  0.00000000    0.06266394  0.00000000   -0.00843293  0.00000000
  0.01009434  0.00000000   -0.00843293  0.00000000    0.04765919  0.00000000

     Dynamical  Matrix in cartesian axes

     q = (   -0.250000000   0.750000000  -0.750000000 ) 

    1    1
  0.04601903  0.00000000   -0.00738926  0.00000000    0.00738926  0.00000000
 -0.00738926  0.00000000    0.03841343  0.00000000   -0.00718877  0.00000000
  0.00738926  0.00000000   -0.00718877  0.00000000    0.03841343  0.00000000
    1    2
 -0.00472153  0.00472153   -0.00027410  0.00027410    0.00027410 -0.00027410
 -0.00281804  0.00281804    0.01136319 -0.01136319    0.00013661 -0.00013661
  0.00281804 -0.00281804    0.00013661 -0.00013661    0.01136319 -0.01136319
    2    1
 -0.00472153 -0.00472153   -0.00281804 -0.00281804    0.00281804  0.00281804
 -0.00027410 -0.00027410    0.01136319  0.01136319    0.00013661  0.00013661
  0.00027410  0.00027410    0.00013661  0.00013661    0.01136319  0.01136319
    2    2
  0.06266394  0.00000000   -0.00843293  0.00000000    0.00843293  0.00000000
 -0.00843293  0.00000000    0.04765919  0.00000000   -0.01009434  0.00000000
  0.00843293  0.00000000   -0.01009434  0.00000000    0.04765919  0.00000000

     Dynamical  Matrix in cartesian axes

     q = (   -0.750000000   0.750000000  -0.250000000 ) 

    1    1
  0.03841343  0.00000000   -0.00718877  0.00000000    0.00738926  0.00000000
 -0.00718877  0.00000000    0.03841343  0.00000000   -0.00738926  0.00000000
  0.00738926  0.00000000   -0.00738926  0.00000000    0.04601903  0.00000000
    1    2
 -0.01136319  0.01136319   -0.00013661  0.00013661   -0.00281804  0.00281804
 -0.00013661  0.00013661   -0.01136319  0.01136319    0.00281804 -0.00281804
 -0.00027410  0.00027410    0.00027410 -0.00027410    0.00472153 -0.00472153
    2    1
 -0.01136319 -0.01136319   -0.00013661 -0.00013661   -0.00027410 -0.00027410
 -0.00013661 -0.00013661   -0.01136319 -0.01136319    0.00027410  0.00027410
 -0.00281804 -0.00281804    0.00281804  0.00281804    0.00472153  0.00472153
    2    2
  0.04765919  0.00000000   -0.01009434  0.00000000    0.00843293  0.00000000
 -0.01009434  0.00000000    0.04765919  0.00000000   -0.00843293  0.00000000
  0.00843293  0.00000000   -0.00843293  0.00000000    0.06266394  0.00000000

     Dynamical  Matrix in cartesian axes

     q = (    0.750000000   0.250000000   0.750000000 ) 

    1    1
  0.03841343  0.00000000    0.00738926  0.00000000    0.00718877  0.00000000
  0.00738926  0.00000000    0.04601903  0.00000000    0.00738926  0.00000000
  0.00718877  0.00000000    0.00738926  0.00000000    0.03841343  0.00000000
    1    2
  0.01136319 -0.01136319    0.00281804 -0.00281804   -0.00013661  0.00013661
  0.00027410 -0.00027410   -0.00472153  0.00472153    0.00027410 -0.00027410
 -0.00013661  0.00013661    0.00281804 -0.00281804    0.01136319 -0.01136319
    2    1
  0.01136319  0.01136319    0.00027410  0.00027410   -0.00013661 -0.00013661
  0.00281804  0.00281804   -0.00472153 -0.00472153    0.00281804  0.00281804
 -0.00013661 -0.00013661    0.00027410  0.00027410    0.01136319  0.01136319
    2    2
  0.04765919  0.00000000    0.00843293  0.00000000    0.01009434  0.00000000
  0.00843293  0.00000000    0.06266394  0.00000000    0.00843293  0.00000000
  0.01009434  0.00000000    0.00843293  0.00000000    0.04765919  0.00000000

     Dynamical  Matrix in cartesian axes

     q = (   -0.750000000   0.250000000   0.750000000 ) 

    1    1
  0.03841343  0.00000000   -0.00738926  0.00000000   -0.00718877  0.00000000
 -0.00738926  0.00000000    0.04601903  0.00000000    0.00738926  0.00000000
 -0.00718877  0.00000000    0.00738926  0.00000000    0.03841343  0.00000000
    1    2
  0.01136319  0.01136319   -0.00281804 -0.00281804    0.00013661  0.00013661
 -0.00027410 -0.00027410   -0.00472153 -0.00472153    0.00027410  0.00027410
  0.00013661  0.00013661    0.00281804  0.00281804    0.01136319  0.01136319
    2    1
  0.01136319 -0.01136319   -0.00027410  0.00027410    0.00013661 -0.00013661
 -0.00281804  0.00281804   -0.00472153  0.00472153    0.00281804 -0.00281804
  0.00013661 -0.00013661    0.00027410 -0.00027410    0.01136319 -0.01136319
    2    2
  0.04765919  0.00000000   -0.00843293  0.00000000   -0.01009434  0.00000000
 -0.00843293  0.00000000    0.06266394  0.00000000    0.00843293  0.00000000
 -0.01009434  0.00000000    0.00843293  0.00000000    0.04765919  0.00000000

     Dynamical  Matrix in cartesian axes

     q = (    0.750000000   0.250000000  -0.750000000 ) 

    1    1
  0.03841343  0.00000000    0.00738926  0.00000000   -0.00718877  0.00000000
  0.00738926  0.00000000    0.04601903  0.00000000   -0.00738926  0.00000000
 -0.00718877  0.00000000   -0.00738926  0.00000000    0.03841343  0.00000000
    1    2
 -0.01136319 -0.01136319   -0.00281804 -0.00281804   -0.00013661 -0.00013661
 -0.00027410 -0.00027410    0.00472153  0.00472153    0.00027410  0.00027410
 -0.00013661 -0.00013661    0.00281804  0.00281804   -0.01136319 -0.01136319
    2    1
 -0.01136319  0.01136319   -0.00027410  0.00027410   -0.00013661  0.00013661
 -0.00281804  0.00281804    0.00472153 -0.00472153    0.00281804 -0.00281804
 -0.00013661  0.00013661    0.00027410 -0.00027410   -0.01136319  0.01136319
    2    2
  0.04765919  0.00000000    0.00843293  0.00000000   -0.01009434  0.00000000
  0.00843293  0.00000000    0.06266394  0.00000000   -0.00843293  0.00000000
 -0.01009434  0.00000000   -0.00843293  0.00000000    0.04765919  0.00000000

     Dynamical  Matrix in cartesian axes

     q = (   -0.750000000   0.750000000   0.250000000 ) 

    1    1
  0.03841343  0.00000000   -0.00718877  0.00000000   -0.00738926  0.00000000
 -0.00718877  0.00000000    0.03841343  0.00000000    0.00738926  0.00000000
 -0.00738926  0.00000000    0.00738926  0.00000000    0.04601903  0.00000000
    1    2
  0.01136319  0.01136319    0.00013661  0.00013661   -0.00281804 -0.00281804
  0.00013661  0.00013661    0.01136319  0.01136319    0.00281804  0.00281804
 -0.00027410 -0.00027410    0.00027410  0.00027410   -0.00472153 -0.00472153
    2    1
  0.01136319 -0.01136319    0.00013661 -0.00013661   -0.00027410  0.00027410
  0.00013661 -0.00013661    0.01136319 -0.01136319    0.00027410 -0.00027410
 -0.00281804  0.00281804    0.00281804 -0.00281804   -0.00472153  0.00472153
    2    2
  0.04765919  0.00000000   -0.01009434  0.00000000   -0.00843293  0.00000000
 -0.01009434  0.00000000    0.04765919  0.00000000    0.00843293  0.00000000
 -0.00843293  0.00000000    0.00843293  0.00000000    0.06266394  0.00000000

     Dynamical  Matrix in cartesian axes

     q = (   -0.250000000   0.750000000   0.750000000 ) 

    1    1
  0.04601903  0.00000000   -0.00738926  0.00000000   -0.00738926  0.00000000
 -0.00738926  0.00000000    0.03841343  0.00000000    0.00718877  0.00000000
 -0.00738926  0.00000000    0.00718877  0.00000000    0.03841343  0.00000000
    1    2
 -0.00472153 -0.00472153   -0.00027410 -0.00027410   -0.00027410 -0.00027410
 -0.00281804 -0.00281804    0.01136319  0.01136319   -0.00013661 -0.00013661
 -0.00281804 -0.00281804   -0.00013661 -0.00013661    0.01136319  0.01136319
    2    1
 -0.00472153  0.00472153   -0.00281804  0.00281804   -0.00281804  0.00281804
 -0.00027410  0.00027410    0.01136319 -0.01136319   -0.00013661  0.00013661
 -0.00027410  0.00027410   -0.00013661  0.00013661    0.01136319 -0.01136319
    2    2
  0.06266394  0.00000000   -0.00843293  0.00000000   -0.00843293  0.00000000
 -0.00843293  0.00000000    0.04765919  0.00000000    0.01009434  0.00000000
 -0.00843293  0.00000000    0.01009434  0.00000000    0.04765919  0.00000000

     Dynamical  Matrix in cartesian axes

     q = (    0.250000000   0.750000000  -0.750000000 ) 

    1    1
  0.04601903  0.00000000    0.00738926  0.00000000   -0.00738926  0.00000000
  0.00738926  0.00000000    0.03841343  0.00000000   -0.00718877  0.00000000
 -0.00738926  0.00000000   -0.00718877  0.00000000    0.03841343  0.00000000
    1    2
 -0.00472153 -0.00472153    0.00027410  0.00027410   -0.00027410 -0.00027410
  0.00281804  0.00281804    0.01136319  0.01136319    0.00013661  0.00013661
 -0.00281804 -0.00281804    0.00013661  0.00013661    0.01136319  0.01136319
    2    1
 -0.00472153  0.00472153    0.00281804 -0.00281804   -0.00281804  0.00281804
  0.00027410 -0.00027410    0.01136319 -0.01136319    0.00013661 -0.00013661
 -0.00027410  0.00027410    0.00013661 -0.00013661    0.01136319 -0.01136319
    2    2
  0.06266394  0.00000000    0.00843293  0.00000000   -0.00843293  0.00000000
  0.00843293  0.00000000    0.04765919  0.00000000   -0.01009434  0.00000000
 -0.00843293  0.00000000   -0.01009434  0.00000000    0.04765919  0.00000000

     Dynamical  Matrix in cartesian axes

     q = (   -0.250000000  -0.750000000  -0.750000000 ) 

    1    1
  0.04601903  0.00000000    0.00738926  0.00000000    0.00738926  0.00000000
  0.00738926  0.00000000    0.03841343  0.00000000    0.00718877  0.00000000
  0.00738926  0.00000000    0.00718877  0.00000000    0.03841343  0.00000000
    1    2
  0.00472153  0.00472153   -0.00027410 -0.00027410   -0.00027410 -0.00027410
 -0.00281804 -0.00281804   -0.01136319 -0.01136319    0.00013661  0.00013661
 -0.00281804 -0.00281804    0.00013661  0.00013661   -0.01136319 -0.01136319
    2    1
  0.00472153 -0.00472153   -0.00281804  0.00281804   -0.00281804  0.00281804
 -0.00027410  0.00027410   -0.01136319  0.01136319    0.00013661 -0.00013661
 -0.00027410  0.00027410    0.00013661 -0.00013661   -0.01136319  0.01136319
    2    2
  0.06266394  0.00000000    0.00843293  0.00000000    0.00843293  0.00000000
  0.00843293  0.00000000    0.04765919  0.00000000    0.01009434  0.00000000
  0.00843293  0.00000000    0.01009434  0.00000000    0.04765919  0.00000000

     Dynamical  Matrix in cartesian axes

     q = (    0.750000000   0.750000000  -0.250000000 ) 

    1    1
  0.03841343  0.00000000    0.00718877  0.00000000   -0.00738926  0.00000000
  0.00718877  0.00000000    0.03841343  0.00000000   -0.00738926  0.00000000
 -0.00738926  0.00000000   -0.00738926  0.00000000    0.04601903  0.00000000
    1    2
  0.01136319  0.01136319   -0.00013661 -0.00013661   -0.00281804 -0.00281804
 -0.00013661 -0.00013661    0.01136319  0.01136319   -0.00281804 -0.00281804
 -0.00027410 -0.00027410   -0.00027410 -0.00027410   -0.00472153 -0.00472153
    2    1
  0.01136319 -0.01136319   -0.00013661  0.00013661   -0.00027410  0.00027410
 -0.00013661  0.00013661    0.01136319 -0.01136319   -0.00027410  0.00027410
 -0.00281804  0.00281804   -0.00281804  0.00281804   -0.00472153  0.00472153
    2    2
  0.04765919  0.00000000    0.01009434  0.00000000   -0.00843293  0.00000000
  0.01009434  0.00000000    0.04765919  0.00000000   -0.00843293  0.00000000
 -0.00843293  0.00000000   -0.00843293  0.00000000    0.06266394  0.00000000

     Dynamical  Matrix in cartesian axes

     q = (    0.750000000  -0.750000000   0.250000000 ) 

    1    1
  0.03841343  0.00000000   -0.00718877  0.00000000    0.00738926  0.00000000
 -0.00718877  0.00000000    0.03841343  0.00000000   -0.00738926  0.00000000
  0.00738926  0.00000000   -0.00738926  0.00000000    0.04601903  0.00000000
    1    2
 -0.01136319 -0.01136319   -0.00013661 -0.00013661   -0.00281804 -0.00281804
 -0.00013661 -0.00013661   -0.01136319 -0.01136319    0.00281804  0.00281804
 -0.00027410 -0.00027410    0.00027410  0.00027410    0.00472153  0.00472153
    2    1
 -0.01136319  0.01136319   -0.00013661  0.00013661   -0.00027410  0.00027410
 -0.00013661  0.00013661   -0.01136319  0.01136319    0.00027410 -0.00027410
 -0.00281804  0.00281804    0.00281804 -0.00281804    0.00472153 -0.00472153
    2    2
  0.04765919  0.00000000   -0.01009434  0.00000000    0.00843293  0.00000000
 -0.01009434  0.00000000    0.04765919  0.00000000   -0.00843293  0.00000000
  0.00843293  0.00000000   -0.00843293  0.00000000    0.06266394  0.00000000

     Dynamical  Matrix in cartesian axes

     q = (   -0.750000000  -0.750000000  -0.250000000 ) 

    1    1
  0.03841343  0.00000000    0.00718877  0.00000000    0.00738926  0.00000000
  0.00718877  0.00000000    0.03841343  0.00000000    0.00738926  0.00000000
  0.00738926  0.00000000    0.00738926  0.00000000    0.04601903  0.00000000
    1    2
  0.01136319  0.01136319   -0.00013661 -0.00013661    0.00281804  0.00281804
 -0.00013661 -0.00013661    0.01136319  0.01136319    0.00281804  0.00281804
  0.00027410  0.00027410    0.00027410  0.00027410   -0.00472153 -0.00472153
    2    1
  0.01136319 -0.01136319   -0.00013661  0.00013661    0.00027410 -0.00027410
 -0.00013661  0.00013661    0.01136319 -0.01136319    0.00027410 -0.00027410
  0.00281804 -0.00281804    0.00281804 -0.00281804   -0.00472153  0.00472153
    2    2
  0.04765919  0.00000000    0.01009434  0.00000000    0.00843293  0.00000000
  0.01009434  0.00000000    0.04765919  0.00000000    0.00843293  0.00000000
  0.00843293  0.00000000    0.00843293  0.00000000    0.06266394  0.00000000

     Dynamical  Matrix in cartesian axes

     q = (    0.250000000  -0.750000000   0.750000000 ) 

    1    1
  0.04601903  0.00000000   -0.00738926  0.00000000    0.00738926  0.00000000
 -0.00738926  0.00000000    0.03841343  0.00000000   -0.00718877  0.00000000
  0.00738926  0.00000000   -0.00718877  0.00000000    0.03841343  0.00000000
    1    2
 -0.00472153 -0.00472153   -0.00027410 -0.00027410    0.00027410  0.00027410
 -0.00281804 -0.00281804    0.01136319  0.01136319    0.00013661  0.00013661
  0.00281804  0.00281804    0.00013661  0.00013661    0.01136319  0.01136319
    2    1
 -0.00472153  0.00472153   -0.00281804  0.00281804    0.00281804 -0.00281804
 -0.00027410  0.00027410    0.01136319 -0.01136319    0.00013661 -0.00013661
  0.00027410 -0.00027410    0.00013661 -0.00013661    0.01136319 -0.01136319
    2    2
  0.06266394  0.00000000   -0.00843293  0.00000000    0.00843293  0.00000000
 -0.00843293  0.00000000    0.04765919  0.00000000   -0.01009434  0.00000000
  0.00843293  0.00000000   -0.01009434  0.00000000    0.04765919  0.00000000

     Dynamical  Matrix in cartesian axes

     q = (   -0.750000000  -0.750000000   0.250000000 ) 

    1    1
  0.03841343  0.00000000    0.00718877  0.00000000   -0.00738926  0.00000000
  0.00718877  0.00000000    0.03841343  0.00000000   -0.00738926  0.00000000
 -0.00738926  0.00000000   -0.00738926  0.00000000    0.04601903  0.00000000
    1    2
  0.01136319 -0.01136319   -0.00013661  0.00013661   -0.00281804  0.00281804
 -0.00013661  0.00013661    0.01136319 -0.01136319   -0.00281804  0.00281804
 -0.00027410  0.00027410   -0.00027410  0.00027410   -0.00472153  0.00472153
    2    1
  0.01136319  0.01136319   -0.00013661 -0.00013661   -0.00027410 -0.00027410
 -0.00013661 -0.00013661    0.01136319  0.01136319   -0.00027410 -0.00027410
 -0.00281804 -0.00281804   -0.00281804 -0.00281804   -0.00472153 -0.00472153
    2    2
  0.04765919  0.00000000    0.01009434  0.00000000   -0.00843293  0.00000000
  0.01009434  0.00000000    0.04765919  0.00000000   -0.00843293  0.00000000
 -0.00843293  0.00000000   -0.00843293  0.00000000    0.06266394  0.00000000

     Dynamical  Matrix in cartesian axes

     q = (    0.250000000   0.750000000   0.750000000 ) 

    1    1
  0.04601903  0.00000000    0.00738926  0.00000000    0.00738926  0.00000000
  0.00738926  0.00000000    0.03841343  0.00000000    0.00718877  0.00000000
  0.00738926  0.00000000    0.00718877  0.00000000    0.03841343  0.00000000
    1    2
  0.00472153 -0.00472153   -0.00027410  0.00027410   -0.00027410  0.00027410
 -0.00281804  0.00281804   -0.01136319  0.01136319    0.00013661 -0.00013661
 -0.00281804  0.00281804    0.00013661 -0.00013661   -0.01136319  0.01136319
    2    1
  0.00472153  0.00472153   -0.00281804 -0.00281804   -0.00281804 -0.00281804
 -0.00027410 -0.00027410   -0.01136319 -0.01136319    0.00013661  0.00013661
 -0.00027410 -0.00027410    0.00013661  0.00013661   -0.01136319 -0.01136319
    2    2
  0.06266394  0.00000000    0.00843293  0.00000000    0.00843293  0.00000000
  0.00843293  0.00000000    0.04765919  0.00000000    0.01009434  0.00000000
  0.00843293  0.00000000    0.01009434  0.00000000    0.04765919  0.00000000

     Dynamical  Matrix in cartesian axes

     q = (   -0.250000000  -0.750000000   0.750000000 ) 

    1    1
  0.04601903  0.00000000    0.00738926  0.00000000   -0.00738926  0.00000000
  0.00738926  0.00000000    0.03841343  0.00000000   -0.00718877  0.00000000
 -0.00738926  0.00000000   -0.00718877  0.00000000    0.03841343  0.00000000
    1    2
 -0.00472153  0.00472153    0.00027410 -0.00027410   -0.00027410  0.00027410
  0.00281804 -0.00281804    0.01136319 -0.01136319    0.00013661 -0.00013661
 -0.00281804  0.00281804    0.00013661 -0.00013661    0.01136319 -0.01136319
    2    1
 -0.00472153 -0.00472153    0.00281804  0.00281804   -0.00281804 -0.00281804
  0.00027410  0.00027410    0.01136319  0.01136319    0.00013661  0.00013661
 -0.00027410 -0.00027410    0.00013661  0.00013661    0.01136319  0.01136319
    2    2
  0.06266394  0.00000000    0.00843293  0.00000000   -0.00843293  0.00000000
  0.00843293  0.00000000    0.04765919  0.00000000   -0.01009434  0.00000000
 -0.00843293  0.00000000   -0.01009434  0.00000000    0.04765919  0.00000000

     Dynamical  Matrix in cartesian axes

     q = (    0.750000000   0.750000000   0.250000000 ) 

    1    1
  0.03841343  0.00000000    0.00718877  0.00000000    0.00738926  0.00000000
  0.00718877  0.00000000    0.03841343  0.00000000    0.00738926  0.00000000
  0.00738926  0.00000000    0.00738926  0.00000000    0.04601903  0.00000000
    1    2
  0.01136319 -0.01136319   -0.00013661  0.00013661    0.00281804 -0.00281804
 -0.00013661  0.00013661    0.01136319 -0.01136319    0.00281804 -0.00281804
  0.00027410 -0.00027410    0.00027410 -0.00027410   -0.00472153  0.00472153
    2    1
  0.01136319  0.01136319   -0.00013661 -0.00013661    0.00027410  0.00027410
 -0.00013661 -0.00013661    0.01136319  0.01136319    0.00027410  0.00027410
  0.00281804  0.00281804    0.00281804  0.00281804   -0.00472153 -0.00472153
    2    2
  0.04765919  0.00000000    0.01009434  0.00000000    0.00843293  0.00000000
  0.01009434  0.00000000    0.04765919  0.00000000    0.00843293  0.00000000
  0.00843293  0.00000000    0.00843293  0.00000000    0.06266394  0.00000000

     Dynamical  Matrix in cartesian axes

     q = (    0.250000000  -0.750000000  -0.750000000 ) 

    1    1
  0.04601903  0.00000000   -0.00738926  0.00000000   -0.00738926  0.00000000
 -0.00738926  0.00000000    0.03841343  0.00000000    0.00718877  0.00000000
 -0.00738926  0.00000000    0.00718877  0.00000000    0.03841343  0.00000000
    1    2
 -0.00472153  0.00472153   -0.00027410  0.00027410   -0.00027410  0.00027410
 -0.00281804  0.00281804    0.01136319 -0.01136319   -0.00013661  0.00013661
 -0.00281804  0.00281804   -0.00013661  0.00013661    0.01136319 -0.01136319
    2    1
 -0.00472153 -0.00472153   -0.00281804 -0.00281804   -0.00281804 -0.00281804
 -0.00027410 -0.00027410    0.01136319  0.01136319   -0.00013661 -0.00013661
 -0.00027410 -0.00027410   -0.00013661 -0.00013661    0.01136319  0.01136319
    2    2
  0.06266394  0.00000000   -0.00843293  0.00000000   -0.00843293  0.00000000
 -0.00843293  0.00000000    0.04765919  0.00000000    0.01009434  0.00000000
 -0.00843293  0.00000000    0.01009434  0.00000000    0.04765919  0.00000000

     Dynamical  Matrix in cartesian axes

     q = (    0.750000000  -0.750000000  -0.250000000 ) 

    1    1
  0.03841343  0.00000000   -0.00718877  0.00000000   -0.00738926  0.00000000
 -0.00718877  0.00000000    0.03841343  0.00000000    0.00738926  0.00000000
 -0.00738926  0.00000000    0.00738926  0.00000000    0.04601903  0.00000000
    1    2
  0.01136319 -0.01136319    0.00013661 -0.00013661   -0.00281804  0.00281804
  0.00013661 -0.00013661    0.01136319 -0.01136319    0.00281804 -0.00281804
 -0.00027410  0.00027410    0.00027410 -0.00027410   -0.00472153  0.00472153
    2    1
  0.01136319  0.01136319    0.00013661  0.00013661   -0.00027410 -0.00027410
  0.00013661  0.00013661    0.01136319  0.01136319    0.00027410  0.00027410
 -0.00281804 -0.00281804    0.00281804  0.00281804   -0.00472153 -0.00472153
    2    2
  0.04765919  0.00000000   -0.01009434  0.00000000   -0.00843293  0.00000000
 -0.01009434  0.00000000    0.04765919  0.00000000    0.00843293  0.00000000
 -0.00843293  0.00000000    0.00843293  0.00000000    0.06266394  0.00000000

     Diagonalizing the dynamical matrix

     q = (    0.750000000  -0.250000000   0.750000000 ) 

 **************************************************************************
     freq (    1) =       2.713316 [THz] =      90.506466 [cm-1]
 (  0.345941  0.345941 -0.000000  0.000000 -0.345941 -0.345941 ) 
 ( -0.510538 -0.000000  0.000000 -0.000000  0.510538  0.000000 ) 
     freq (    2) =       3.668878 [THz] =     122.380612 [cm-1]
 ( -0.338065 -0.338065 -0.215559 -0.215559 -0.338065 -0.338065 ) 
 (  0.469776  0.000000  0.092407  0.000000  0.469776  0.000000 ) 
     freq (    3) =       4.035345 [THz] =     134.604614 [cm-1]
 (  0.174575  0.174575  0.405811  0.405811  0.174575  0.174575 ) 
 (  0.217394  0.000000  0.673950 -0.000000  0.217394  0.000000 ) 
     freq (    4) =       4.620388 [THz] =     154.119538 [cm-1]
 ( -0.424685 -0.424685  0.000000  0.000000  0.424685  0.424685 ) 
 ( -0.373209 -0.000000 -0.000000 -0.000000  0.373209  0.000000 ) 
     freq (    5) =       5.118677 [THz] =     170.740697 [cm-1]
 (  0.001298  0.001298 -0.543298 -0.543298  0.001298  0.001298 ) 
 ( -0.215780  0.000000  0.562607 -0.000000 -0.215780  0.000000 ) 
     freq (    6) =       5.631260 [THz] =     187.838606 [cm-1]
 ( -0.385914 -0.385914  0.322786  0.322786 -0.385914 -0.385914 ) 
 ( -0.282782 -0.000000  0.189653 -0.000000 -0.282782  0.000000 ) 
 **************************************************************************
