Dynamical matrix file
                                                                           
  1    2  2 10.4109092  0.0000000  0.0000000  0.0000000  0.0000000  0.0000000
           1  'Si  '    25598.3672624059     
    1    1      0.0000000000      0.0000000000      0.0000000000
    2    1      0.2500000000      0.2500000000      0.2500000000

     Dynamical  Matrix in cartesian axes

     q = (   -0.250000000   0.250000000  -0.250000000 ) 

    1    1
  0.25763245  0.00000000   -0.01110724  0.00000000    0.01110724  0.00000000
 -0.01110724  0.00000000    0.25763245  0.00000000   -0.01110724  0.00000000
  0.01110724  0.00000000   -0.01110724  0.00000000    0.25763245  0.00000000
    1    2
 -0.19229480 -0.05574646   -0.03447952  0.03595745    0.03447952 -0.03595745
 -0.03447952  0.03595745   -0.19229480 -0.05574646   -0.03447952  0.03595745
  0.03447952 -0.03595745   -0.03447952  0.03595745   -0.19229480 -0.05574646
    2    1
 -0.19229480  0.05574646   -0.03447952 -0.03595745    0.03447952  0.03595745
 -0.03447952 -0.03595745   -0.19229480  0.05574646   -0.03447952 -0.03595745
  0.03447952  0.03595745   -0.03447952 -0.03595745   -0.19229480  0.05574646
    2    2
  0.25763245  0.00000000   -0.01110724  0.00000000    0.01110724  0.00000000
 -0.01110724  0.00000000    0.25763245  0.00000000   -0.01110724  0.00000000
  0.01110724  0.00000000   -0.01110724  0.00000000    0.25763245  0.00000000

     Dynamical  Matrix in cartesian axes

     q = (    0.250000000  -0.250000000  -0.250000000 ) 

    1    1
  0.25763245  0.00000000   -0.01110724  0.00000000   -0.01110724  0.00000000
 -0.01110724  0.00000000    0.25763245  0.00000000    0.01110724  0.00000000
 -0.01110724  0.00000000    0.01110724  0.00000000    0.25763245  0.00000000
    1    2
 -0.19229480 -0.05574646   -0.03447952  0.03595745   -0.03447952  0.03595745
 -0.03447952  0.03595745   -0.19229480 -0.05574646    0.03447952 -0.03595745
 -0.03447952  0.03595745    0.03447952 -0.03595745   -0.19229480 -0.05574646
    2    1
 -0.19229480  0.05574646   -0.03447952 -0.03595745   -0.03447952 -0.03595745
 -0.03447952 -0.03595745   -0.19229480  0.05574646    0.03447952  0.03595745
 -0.03447952 -0.03595745    0.03447952  0.03595745   -0.19229480  0.05574646
    2    2
  0.25763245  0.00000000   -0.01110724  0.00000000   -0.01110724  0.00000000
 -0.01110724  0.00000000    0.25763245  0.00000000    0.01110724  0.00000000
 -0.01110724  0.00000000    0.01110724  0.00000000    0.25763245  0.00000000

     Dynamical  Matrix in cartesian axes

     q = (    0.250000000  -0.250000000   0.250000000 ) 

    1    1
  0.25763245  0.00000000   -0.01110724  0.00000000    0.01110724  0.00000000
 -0.01110724  0.00000000    0.25763245  0.00000000   -0.01110724  0.00000000
  0.01110724  0.00000000   -0.01110724  0.00000000    0.25763245  0.00000000
    1    2
 -0.19229480  0.05574646   -0.03447952 -0.03595745    0.03447952  0.03595745
 -0.03447952 -0.03595745   -0.19229480  0.05574646   -0.03447952 -0.03595745
  0.03447952  0.03595745   -0.03447952 -0.03595745   -0.19229480  0.05574646
    2    1
 -0.19229480 -0.05574646   -0.03447952  0.03595745    0.03447952 -0.03595745
 -0.03447952  0.03595745   -0.19229480 -0.05574646   -0.03447952  0.03595745
  0.03447952 -0.03595745   -0.03447952  0.03595745   -0.19229480 -0.05574646
    2    2
  0.25763245  0.00000000   -0.01110724  0.00000000    0.01110724  0.00000000
 -0.01110724  0.00000000    0.25763245  0.00000000   -0.01110724  0.00000000
  0.01110724  0.00000000   -0.01110724  0.00000000    0.25763245  0.00000000

     Dynamical  Matrix in cartesian axes

     q = (    0.250000000   0.250000000   0.250000000 ) 

    1    1
  0.25763245  0.00000000    0.01110724  0.00000000    0.01110724  0.00000000
  0.01110724  0.00000000    0.25763245  0.00000000    0.01110724  0.00000000
  0.01110724  0.00000000    0.01110724  0.00000000    0.25763245  0.00000000
    1    2
 -0.05574646  0.19229480   -0.03595745 -0.03447952   -0.03595745 -0.03447952
 -0.03595745 -0.03447952   -0.05574646  0.19229480   -0.03595745 -0.03447952
 -0.03595745 -0.03447952   -0.03595745 -0.03447952   -0.05574646  0.19229480
    2    1
 -0.05574646 -0.19229480   -0.03595745  0.03447952   -0.03595745  0.03447952
 -0.03595745  0.03447952   -0.05574646 -0.19229480   -0.03595745  0.03447952
 -0.03595745  0.03447952   -0.03595745  0.03447952   -0.05574646 -0.19229480
    2    2
  0.25763245  0.00000000    0.01110724  0.00000000    0.01110724  0.00000000
  0.01110724  0.00000000    0.25763245  0.00000000    0.01110724  0.00000000
  0.01110724  0.00000000    0.01110724  0.00000000    0.25763245  0.00000000

     Dynamical  Matrix in cartesian axes

     q = (   -0.250000000  -0.250000000  -0.250000000 ) 

    1    1
  0.25763245  0.00000000    0.01110724  0.00000000    0.01110724  0.00000000
  0.01110724  0.00000000    0.25763245  0.00000000    0.01110724  0.00000000
  0.01110724  0.00000000    0.01110724  0.00000000    0.25763245  0.00000000
    1    2
 -0.05574646 -0.19229480   -0.03595745  0.03447952   -0.03595745  0.03447952
 -0.03595745  0.03447952   -0.05574646 -0.19229480   -0.03595745  0.03447952
 -0.03595745  0.03447952   -0.03595745  0.03447952   -0.05574646 -0.19229480
    2    1
 -0.05574646  0.19229480   -0.03595745 -0.03447952   -0.03595745 -0.03447952
 -0.03595745 -0.03447952   -0.05574646  0.19229480   -0.03595745 -0.03447952
 -0.03595745 -0.03447952   -0.03595745 -0.03447952   -0.05574646  0.19229480
    2    2
  0.25763245  0.00000000    0.01110724  0.00000000    0.01110724  0.00000000
  0.01110724  0.00000000    0.25763245  0.00000000    0.01110724  0.00000000
  0.01110724  0.00000000    0.01110724  0.00000000    0.25763245  0.00000000

     Dynamical  Matrix in cartesian axes

     q = (   -0.250000000  -0.250000000   0.250000000 ) 

    1    1
  0.25763245  0.00000000    0.01110724  0.00000000   -0.01110724  0.00000000
  0.01110724  0.00000000    0.25763245  0.00000000   -0.01110724  0.00000000
 -0.01110724  0.00000000   -0.01110724  0.00000000    0.25763245  0.00000000
    1    2
 -0.19229480 -0.05574646    0.03447952 -0.03595745   -0.03447952  0.03595745
  0.03447952 -0.03595745   -0.19229480 -0.05574646   -0.03447952  0.03595745
 -0.03447952  0.03595745   -0.03447952  0.03595745   -0.19229480 -0.05574646
    2    1
 -0.19229480  0.05574646    0.03447952  0.03595745   -0.03447952 -0.03595745
  0.03447952  0.03595745   -0.19229480  0.05574646   -0.03447952 -0.03595745
 -0.03447952 -0.03595745   -0.03447952 -0.03595745   -0.19229480  0.05574646
    2    2
  0.25763245  0.00000000    0.01110724  0.00000000   -0.01110724  0.00000000
  0.01110724  0.00000000    0.25763245  0.00000000   -0.01110724  0.00000000
 -0.01110724  0.00000000   -0.01110724  0.00000000    0.25763245  0.00000000

     Dynamical  Matrix in cartesian axes

     q = (   -0.250000000   0.250000000   0.250000000 ) 

    1    1
  0.25763245  0.00000000   -0.01110724  0.00000000   -0.01110724  0.00000000
 -0.01110724  0.00000000    0.25763245  0.00000000    0.01110724  0.00000000
 -0.01110724  0.00000000    0.01110724  0.00000000    0.25763245  0.00000000
    1    2
 -0.19229480  0.05574646   -0.03447952 -0.03595745   -0.03447952 -0.03595745
 -0.03447952 -0.03595745   -0.19229480  0.05574646    0.03447952  0.03595745
 -0.03447952 -0.03595745    0.03447952  0.03595745   -0.19229480  0.05574646
    2    1
 -0.19229480 -0.05574646   -0.03447952  0.03595745   -0.03447952  0.03595745
 -0.03447952  0.03595745   -0.19229480 -0.05574646    0.03447952 -0.03595745
 -0.03447952  0.03595745    0.03447952 -0.03595745   -0.19229480 -0.05574646
    2    2
  0.25763245  0.00000000   -0.01110724  0.00000000   -0.01110724  0.00000000
 -0.01110724  0.00000000    0.25763245  0.00000000    0.01110724  0.00000000
 -0.01110724  0.00000000    0.01110724  0.00000000    0.25763245  0.00000000

     Dynamical  Matrix in cartesian axes

     q = (    0.250000000   0.250000000  -0.250000000 ) 

    1    1
  0.25763245  0.00000000    0.01110724  0.00000000   -0.01110724  0.00000000
  0.01110724  0.00000000    0.25763245  0.00000000   -0.01110724  0.00000000
 -0.01110724  0.00000000   -0.01110724  0.00000000    0.25763245  0.00000000
    1    2
 -0.19229480  0.05574646    0.03447952  0.03595745   -0.03447952 -0.03595745
  0.03447952  0.03595745   -0.19229480  0.05574646   -0.03447952 -0.03595745
 -0.03447952 -0.03595745   -0.03447952 -0.03595745   -0.19229480  0.05574646
    2    1
 -0.19229480 -0.05574646    0.03447952 -0.03595745   -0.03447952  0.03595745
  0.03447952 -0.03595745   -0.19229480 -0.05574646   -0.03447952  0.03595745
 -0.03447952  0.03595745   -0.03447952  0.03595745   -0.19229480 -0.05574646
    2    2
  0.25763245  0.00000000    0.01110724  0.00000000   -0.01110724  0.00000000
  0.01110724  0.00000000    0.25763245  0.00000000   -0.01110724  0.00000000
 -0.01110724  0.00000000   -0.01110724  0.00000000    0.25763245  0.00000000

     Diagonalizing the dynamical matrix

     q = (   -0.250000000   0.250000000  -0.250000000 ) 

 **************************************************************************
     freq (    1) =       2.826016 [THz] =      94.265748 [cm-1]
 (  0.381161  0.035427 -0.182388 -0.013750 -0.563550 -0.049177 ) 
 (  0.382798  0.002157 -0.182893  0.002157 -0.565691  0.000000 ) 
     freq (    2) =       2.826016 [THz] =      94.265748 [cm-1]
 ( -0.429513 -0.048091 -0.544518 -0.058127 -0.115005 -0.010036 ) 
 ( -0.432068 -0.010570 -0.547510 -0.010570 -0.115442  0.000000 ) 
     freq (    3) =       6.577927 [THz] =     219.416039 [cm-1]
 ( -0.283658 -0.293606  0.283658  0.293606 -0.283658 -0.293606 ) 
 ( -0.408248  0.000000  0.408248 -0.000000 -0.408248  0.000000 ) 
     freq (    4) =      13.905789 [THz] =     463.847197 [cm-1]
 ( -0.283658 -0.293606  0.283658  0.293606 -0.283658 -0.293606 ) 
 (  0.408248  0.000000 -0.408248 -0.000000  0.408248  0.000000 ) 
     freq (    5) =      14.158980 [THz] =     472.292731 [cm-1]
 (  0.057095  0.120962 -0.457599  0.076048 -0.514695 -0.044914 ) 
 ( -0.067395 -0.115540  0.449256 -0.115540  0.516651  0.000000 ) 
     freq (    6) =      14.158980 [THz] =     472.292731 [cm-1]
 ( -0.529846  0.186293 -0.273129  0.208695  0.256717  0.022402 ) 
 (  0.511645 -0.231648  0.253953 -0.231648 -0.257693  0.000000 ) 
 **************************************************************************
