Dynamical matrix file
                                                                           
  1    2  2 10.4109092  0.0000000  0.0000000  0.0000000  0.0000000  0.0000000
           1  'Si  '    25598.3672624059     
    1    1      0.0000000000      0.0000000000      0.0000000000
    2    1      0.2500000000      0.2500000000      0.2500000000

     Dynamical  Matrix in cartesian axes

     q = (    0.750000000  -0.250000000   0.750000000 ) 

    1    1
  0.23354374  0.00000000   -0.00594829  0.00752456    0.00546551  0.00000000
 -0.00594829 -0.00752456    0.28348236  0.00000000   -0.00594829 -0.00752456
  0.00546551  0.00000000   -0.00594829  0.00752456    0.23354374  0.00000000
    1    2
 -0.05757342  0.05859186   -0.03764805  0.03983448   -0.03792866 -0.12437478
 -0.03764805  0.03983448   -0.05600634  0.07720636   -0.03764805  0.03983448
 -0.03792866 -0.12437478   -0.03764805  0.03983448   -0.05757342  0.05859186
    2    1
 -0.05757342 -0.05859186   -0.03764805 -0.03983448   -0.03792866  0.12437478
 -0.03764805 -0.03983448   -0.05600634 -0.07720636   -0.03764805 -0.03983448
 -0.03792866  0.12437478   -0.03764805 -0.03983448   -0.05757342 -0.05859186
    2    2
  0.23354374  0.00000000   -0.00594829 -0.00752456    0.00546551  0.00000000
 -0.00594829  0.00752456    0.28348236  0.00000000   -0.00594829  0.00752456
  0.00546551  0.00000000   -0.00594829 -0.00752456    0.23354374  0.00000000

     Dynamical  Matrix in cartesian axes

     q = (    0.750000000  -0.250000000  -0.750000000 ) 

    1    1
  0.23354374  0.00000000   -0.00594829 -0.00752456   -0.00546551  0.00000000
 -0.00594829  0.00752456    0.28348236  0.00000000    0.00594829 -0.00752456
 -0.00546551  0.00000000    0.00594829  0.00752456    0.23354374  0.00000000
    1    2
 -0.05859186  0.05757342   -0.03983448  0.03764805   -0.12437478 -0.03792866
 -0.03983448  0.03764805   -0.07720636  0.05600634    0.03983448 -0.03764805
 -0.12437478 -0.03792866    0.03983448 -0.03764805   -0.05859186  0.05757342
    2    1
 -0.05859186 -0.05757342   -0.03983448 -0.03764805   -0.12437478  0.03792866
 -0.03983448 -0.03764805   -0.07720636 -0.05600634    0.03983448  0.03764805
 -0.12437478  0.03792866    0.03983448  0.03764805   -0.05859186 -0.05757342
    2    2
  0.23354374  0.00000000   -0.00594829  0.00752456   -0.00546551  0.00000000
 -0.00594829 -0.00752456    0.28348236  0.00000000    0.00594829  0.00752456
 -0.00546551  0.00000000    0.00594829 -0.00752456    0.23354374  0.00000000

     Dynamical  Matrix in cartesian axes

     q = (   -0.750000000  -0.250000000  -0.750000000 ) 

    1    1
  0.23354374  0.00000000    0.00594829 -0.00752456    0.00546551  0.00000000
  0.00594829  0.00752456    0.28348236  0.00000000    0.00594829  0.00752456
  0.00546551  0.00000000    0.00594829 -0.00752456    0.23354374  0.00000000
    1    2
  0.05859186  0.05757342   -0.03983448 -0.03764805   -0.12437478  0.03792866
 -0.03983448 -0.03764805    0.07720636  0.05600634   -0.03983448 -0.03764805
 -0.12437478  0.03792866   -0.03983448 -0.03764805    0.05859186  0.05757342
    2    1
  0.05859186 -0.05757342   -0.03983448  0.03764805   -0.12437478 -0.03792866
 -0.03983448  0.03764805    0.07720636 -0.05600634   -0.03983448  0.03764805
 -0.12437478 -0.03792866   -0.03983448  0.03764805    0.05859186 -0.05757342
    2    2
  0.23354374  0.00000000    0.00594829  0.00752456    0.00546551  0.00000000
  0.00594829 -0.00752456    0.28348236  0.00000000    0.00594829 -0.00752456
  0.00546551  0.00000000    0.00594829  0.00752456    0.23354374  0.00000000

     Dynamical  Matrix in cartesian axes

     q = (   -0.750000000  -0.250000000   0.750000000 ) 

    1    1
  0.23354374  0.00000000    0.00594829  0.00752456   -0.00546551  0.00000000
  0.00594829 -0.00752456    0.28348236  0.00000000   -0.00594829  0.00752456
 -0.00546551  0.00000000   -0.00594829 -0.00752456    0.23354374  0.00000000
    1    2
 -0.05859186  0.05757342    0.03983448 -0.03764805   -0.12437478 -0.03792866
  0.03983448 -0.03764805   -0.07720636  0.05600634   -0.03983448  0.03764805
 -0.12437478 -0.03792866   -0.03983448  0.03764805   -0.05859186  0.05757342
    2    1
 -0.05859186 -0.05757342    0.03983448  0.03764805   -0.12437478  0.03792866
  0.03983448  0.03764805   -0.07720636 -0.05600634   -0.03983448 -0.03764805
 -0.12437478  0.03792866   -0.03983448 -0.03764805   -0.05859186 -0.05757342
    2    2
  0.23354374  0.00000000    0.00594829 -0.00752456   -0.00546551  0.00000000
  0.00594829  0.00752456    0.28348236  0.00000000   -0.00594829 -0.00752456
 -0.00546551  0.00000000   -0.00594829  0.00752456    0.23354374  0.00000000

     Dynamical  Matrix in cartesian axes

     q = (   -0.750000000   0.250000000  -0.750000000 ) 

    1    1
  0.23354374  0.00000000   -0.00594829 -0.00752456    0.00546551  0.00000000
 -0.00594829  0.00752456    0.28348236  0.00000000   -0.00594829  0.00752456
  0.00546551  0.00000000   -0.00594829 -0.00752456    0.23354374  0.00000000
    1    2
 -0.05757342 -0.05859186   -0.03764805 -0.03983448   -0.03792866  0.12437478
 -0.03764805 -0.03983448   -0.05600634 -0.07720636   -0.03764805 -0.03983448
 -0.03792866  0.12437478   -0.03764805 -0.03983448   -0.05757342 -0.05859186
    2    1
 -0.05757342  0.05859186   -0.03764805  0.03983448   -0.03792866 -0.12437478
 -0.03764805  0.03983448   -0.05600634  0.07720636   -0.03764805  0.03983448
 -0.03792866 -0.12437478   -0.03764805  0.03983448   -0.05757342  0.05859186
    2    2
  0.23354374  0.00000000   -0.00594829  0.00752456    0.00546551  0.00000000
 -0.00594829 -0.00752456    0.28348236  0.00000000   -0.00594829 -0.00752456
  0.00546551  0.00000000   -0.00594829  0.00752456    0.23354374  0.00000000

     Dynamical  Matrix in cartesian axes

     q = (   -0.250000000   0.750000000  -0.750000000 ) 

    1    1
  0.28348236  0.00000000   -0.00594829  0.00752456    0.00594829 -0.00752456
 -0.00594829 -0.00752456    0.23354374  0.00000000   -0.00546551  0.00000000
  0.00594829  0.00752456   -0.00546551  0.00000000    0.23354374  0.00000000
    1    2
 -0.07720636  0.05600634   -0.03983448  0.03764805    0.03983448 -0.03764805
 -0.03983448  0.03764805   -0.05859186  0.05757342   -0.12437478 -0.03792866
  0.03983448 -0.03764805   -0.12437478 -0.03792866   -0.05859186  0.05757342
    2    1
 -0.07720636 -0.05600634   -0.03983448 -0.03764805    0.03983448  0.03764805
 -0.03983448 -0.03764805   -0.05859186 -0.05757342   -0.12437478  0.03792866
  0.03983448  0.03764805   -0.12437478  0.03792866   -0.05859186 -0.05757342
    2    2
  0.28348236  0.00000000   -0.00594829 -0.00752456    0.00594829  0.00752456
 -0.00594829  0.00752456    0.23354374  0.00000000   -0.00546551  0.00000000
  0.00594829 -0.00752456   -0.00546551  0.00000000    0.23354374  0.00000000

     Dynamical  Matrix in cartesian axes

     q = (   -0.750000000   0.750000000  -0.250000000 ) 

    1    1
  0.23354374  0.00000000   -0.00546551  0.00000000    0.00594829  0.00752456
 -0.00546551  0.00000000    0.23354374  0.00000000   -0.00594829 -0.00752456
  0.00594829 -0.00752456   -0.00594829  0.00752456    0.28348236  0.00000000
    1    2
 -0.05859186  0.05757342   -0.12437478 -0.03792866    0.03983448 -0.03764805
 -0.12437478 -0.03792866   -0.05859186  0.05757342   -0.03983448  0.03764805
  0.03983448 -0.03764805   -0.03983448  0.03764805   -0.07720636  0.05600634
    2    1
 -0.05859186 -0.05757342   -0.12437478  0.03792866    0.03983448  0.03764805
 -0.12437478  0.03792866   -0.05859186 -0.05757342   -0.03983448 -0.03764805
  0.03983448  0.03764805   -0.03983448 -0.03764805   -0.07720636 -0.05600634
    2    2
  0.23354374  0.00000000   -0.00546551  0.00000000    0.00594829 -0.00752456
 -0.00546551  0.00000000    0.23354374  0.00000000   -0.00594829  0.00752456
  0.00594829  0.00752456   -0.00594829 -0.00752456    0.28348236  0.00000000

     Dynamical  Matrix in cartesian axes

     q = (    0.750000000   0.250000000   0.750000000 ) 

    1    1
  0.23354374  0.00000000    0.00594829  0.00752456    0.00546551  0.00000000
  0.00594829 -0.00752456    0.28348236  0.00000000    0.00594829 -0.00752456
  0.00546551  0.00000000    0.00594829  0.00752456    0.23354374  0.00000000
    1    2
  0.05859186 -0.05757342   -0.03983448  0.03764805   -0.12437478 -0.03792866
 -0.03983448  0.03764805    0.07720636 -0.05600634   -0.03983448  0.03764805
 -0.12437478 -0.03792866   -0.03983448  0.03764805    0.05859186 -0.05757342
    2    1
  0.05859186  0.05757342   -0.03983448 -0.03764805   -0.12437478  0.03792866
 -0.03983448 -0.03764805    0.07720636  0.05600634   -0.03983448 -0.03764805
 -0.12437478  0.03792866   -0.03983448 -0.03764805    0.05859186  0.05757342
    2    2
  0.23354374  0.00000000    0.00594829 -0.00752456    0.00546551  0.00000000
  0.00594829  0.00752456    0.28348236  0.00000000    0.00594829  0.00752456
  0.00546551  0.00000000    0.00594829 -0.00752456    0.23354374  0.00000000

     Dynamical  Matrix in cartesian axes

     q = (   -0.750000000   0.250000000   0.750000000 ) 

    1    1
  0.23354374  0.00000000   -0.00594829  0.00752456   -0.00546551  0.00000000
 -0.00594829 -0.00752456    0.28348236  0.00000000    0.00594829  0.00752456
 -0.00546551  0.00000000    0.00594829 -0.00752456    0.23354374  0.00000000
    1    2
 -0.05859186 -0.05757342   -0.03983448 -0.03764805   -0.12437478  0.03792866
 -0.03983448 -0.03764805   -0.07720636 -0.05600634    0.03983448  0.03764805
 -0.12437478  0.03792866    0.03983448  0.03764805   -0.05859186 -0.05757342
    2    1
 -0.05859186  0.05757342   -0.03983448  0.03764805   -0.12437478 -0.03792866
 -0.03983448  0.03764805   -0.07720636  0.05600634    0.03983448 -0.03764805
 -0.12437478 -0.03792866    0.03983448 -0.03764805   -0.05859186  0.05757342
    2    2
  0.23354374  0.00000000   -0.00594829 -0.00752456   -0.00546551  0.00000000
 -0.00594829  0.00752456    0.28348236  0.00000000    0.00594829 -0.00752456
 -0.00546551  0.00000000    0.00594829  0.00752456    0.23354374  0.00000000

     Dynamical  Matrix in cartesian axes

     q = (    0.750000000   0.250000000  -0.750000000 ) 

    1    1
  0.23354374  0.00000000    0.00594829 -0.00752456   -0.00546551  0.00000000
  0.00594829  0.00752456    0.28348236  0.00000000   -0.00594829 -0.00752456
 -0.00546551  0.00000000   -0.00594829  0.00752456    0.23354374  0.00000000
    1    2
 -0.05859186 -0.05757342    0.03983448  0.03764805   -0.12437478  0.03792866
  0.03983448  0.03764805   -0.07720636 -0.05600634   -0.03983448 -0.03764805
 -0.12437478  0.03792866   -0.03983448 -0.03764805   -0.05859186 -0.05757342
    2    1
 -0.05859186  0.05757342    0.03983448 -0.03764805   -0.12437478 -0.03792866
  0.03983448 -0.03764805   -0.07720636  0.05600634   -0.03983448  0.03764805
 -0.12437478 -0.03792866   -0.03983448  0.03764805   -0.05859186  0.05757342
    2    2
  0.23354374  0.00000000    0.00594829  0.00752456   -0.00546551  0.00000000
  0.00594829 -0.00752456    0.28348236  0.00000000   -0.00594829  0.00752456
 -0.00546551  0.00000000   -0.00594829 -0.00752456    0.23354374  0.00000000

     Dynamical  Matrix in cartesian axes

     q = (   -0.750000000   0.750000000   0.250000000 ) 

    1    1
  0.23354374  0.00000000   -0.00546551  0.00000000   -0.00594829  0.00752456
 -0.00546551  0.00000000    0.23354374  0.00000000    0.00594829 -0.00752456
 -0.00594829 -0.00752456    0.00594829  0.00752456    0.28348236  0.00000000
    1    2
 -0.05859186 -0.05757342   -0.12437478  0.03792866   -0.03983448 -0.03764805
 -0.12437478  0.03792866   -0.05859186 -0.05757342    0.03983448  0.03764805
 -0.03983448 -0.03764805    0.03983448  0.03764805   -0.07720636 -0.05600634
    2    1
 -0.05859186  0.05757342   -0.12437478 -0.03792866   -0.03983448  0.03764805
 -0.12437478 -0.03792866   -0.05859186  0.05757342    0.03983448 -0.03764805
 -0.03983448  0.03764805    0.03983448 -0.03764805   -0.07720636  0.05600634
    2    2
  0.23354374  0.00000000   -0.00546551  0.00000000   -0.00594829 -0.00752456
 -0.00546551  0.00000000    0.23354374  0.00000000    0.00594829  0.00752456
 -0.00594829  0.00752456    0.00594829 -0.00752456    0.28348236  0.00000000

     Dynamical  Matrix in cartesian axes

     q = (   -0.250000000   0.750000000   0.750000000 ) 

    1    1
  0.28348236  0.00000000   -0.00594829 -0.00752456   -0.00594829 -0.00752456
 -0.00594829  0.00752456    0.23354374  0.00000000    0.00546551  0.00000000
 -0.00594829  0.00752456    0.00546551  0.00000000    0.23354374  0.00000000
    1    2
 -0.05600634  0.07720636   -0.03764805  0.03983448   -0.03764805  0.03983448
 -0.03764805  0.03983448   -0.05757342  0.05859186   -0.03792866 -0.12437478
 -0.03764805  0.03983448   -0.03792866 -0.12437478   -0.05757342  0.05859186
    2    1
 -0.05600634 -0.07720636   -0.03764805 -0.03983448   -0.03764805 -0.03983448
 -0.03764805 -0.03983448   -0.05757342 -0.05859186   -0.03792866  0.12437478
 -0.03764805 -0.03983448   -0.03792866  0.12437478   -0.05757342 -0.05859186
    2    2
  0.28348236  0.00000000   -0.00594829  0.00752456   -0.00594829  0.00752456
 -0.00594829 -0.00752456    0.23354374  0.00000000    0.00546551  0.00000000
 -0.00594829 -0.00752456    0.00546551  0.00000000    0.23354374  0.00000000

     Dynamical  Matrix in cartesian axes

     q = (    0.250000000   0.750000000  -0.750000000 ) 

    1    1
  0.28348236  0.00000000    0.00594829  0.00752456   -0.00594829 -0.00752456
  0.00594829 -0.00752456    0.23354374  0.00000000   -0.00546551  0.00000000
 -0.00594829  0.00752456   -0.00546551  0.00000000    0.23354374  0.00000000
    1    2
 -0.07720636 -0.05600634    0.03983448  0.03764805   -0.03983448 -0.03764805
  0.03983448  0.03764805   -0.05859186 -0.05757342   -0.12437478  0.03792866
 -0.03983448 -0.03764805   -0.12437478  0.03792866   -0.05859186 -0.05757342
    2    1
 -0.07720636  0.05600634    0.03983448 -0.03764805   -0.03983448  0.03764805
  0.03983448 -0.03764805   -0.05859186  0.05757342   -0.12437478 -0.03792866
 -0.03983448  0.03764805   -0.12437478 -0.03792866   -0.05859186  0.05757342
    2    2
  0.28348236  0.00000000    0.00594829 -0.00752456   -0.00594829  0.00752456
  0.00594829  0.00752456    0.23354374  0.00000000   -0.00546551  0.00000000
 -0.00594829 -0.00752456   -0.00546551  0.00000000    0.23354374  0.00000000

     Dynamical  Matrix in cartesian axes

     q = (   -0.250000000  -0.750000000  -0.750000000 ) 

    1    1
  0.28348236  0.00000000    0.00594829  0.00752456    0.00594829  0.00752456
  0.00594829 -0.00752456    0.23354374  0.00000000    0.00546551  0.00000000
  0.00594829 -0.00752456    0.00546551  0.00000000    0.23354374  0.00000000
    1    2
  0.07720636  0.05600634   -0.03983448 -0.03764805   -0.03983448 -0.03764805
 -0.03983448 -0.03764805    0.05859186  0.05757342   -0.12437478  0.03792866
 -0.03983448 -0.03764805   -0.12437478  0.03792866    0.05859186  0.05757342
    2    1
  0.07720636 -0.05600634   -0.03983448  0.03764805   -0.03983448  0.03764805
 -0.03983448  0.03764805    0.05859186 -0.05757342   -0.12437478 -0.03792866
 -0.03983448  0.03764805   -0.12437478 -0.03792866    0.05859186 -0.05757342
    2    2
  0.28348236  0.00000000    0.00594829 -0.00752456    0.00594829 -0.00752456
  0.00594829  0.00752456    0.23354374  0.00000000    0.00546551  0.00000000
  0.00594829  0.00752456    0.00546551  0.00000000    0.23354374  0.00000000

     Dynamical  Matrix in cartesian axes

     q = (    0.750000000   0.750000000  -0.250000000 ) 

    1    1
  0.23354374  0.00000000    0.00546551  0.00000000   -0.00594829  0.00752456
  0.00546551  0.00000000    0.23354374  0.00000000   -0.00594829  0.00752456
 -0.00594829 -0.00752456   -0.00594829 -0.00752456    0.28348236  0.00000000
    1    2
 -0.05757342  0.05859186   -0.03792866 -0.12437478   -0.03764805  0.03983448
 -0.03792866 -0.12437478   -0.05757342  0.05859186   -0.03764805  0.03983448
 -0.03764805  0.03983448   -0.03764805  0.03983448   -0.05600634  0.07720636
    2    1
 -0.05757342 -0.05859186   -0.03792866  0.12437478   -0.03764805 -0.03983448
 -0.03792866  0.12437478   -0.05757342 -0.05859186   -0.03764805 -0.03983448
 -0.03764805 -0.03983448   -0.03764805 -0.03983448   -0.05600634 -0.07720636
    2    2
  0.23354374  0.00000000    0.00546551  0.00000000   -0.00594829 -0.00752456
  0.00546551  0.00000000    0.23354374  0.00000000   -0.00594829 -0.00752456
 -0.00594829  0.00752456   -0.00594829  0.00752456    0.28348236  0.00000000

     Dynamical  Matrix in cartesian axes

     q = (    0.750000000  -0.750000000   0.250000000 ) 

    1    1
  0.23354374  0.00000000   -0.00546551  0.00000000    0.00594829 -0.00752456
 -0.00546551  0.00000000    0.23354374  0.00000000   -0.00594829  0.00752456
  0.00594829  0.00752456   -0.00594829 -0.00752456    0.28348236  0.00000000
    1    2
 -0.05859186 -0.05757342   -0.12437478  0.03792866    0.03983448  0.03764805
 -0.12437478  0.03792866   -0.05859186 -0.05757342   -0.03983448 -0.03764805
  0.03983448  0.03764805   -0.03983448 -0.03764805   -0.07720636 -0.05600634
    2    1
 -0.05859186  0.05757342   -0.12437478 -0.03792866    0.03983448 -0.03764805
 -0.12437478 -0.03792866   -0.05859186  0.05757342   -0.03983448  0.03764805
  0.03983448 -0.03764805   -0.03983448  0.03764805   -0.07720636  0.05600634
    2    2
  0.23354374  0.00000000   -0.00546551  0.00000000    0.00594829  0.00752456
 -0.00546551  0.00000000    0.23354374  0.00000000   -0.00594829 -0.00752456
  0.00594829 -0.00752456   -0.00594829  0.00752456    0.28348236  0.00000000

     Dynamical  Matrix in cartesian axes

     q = (   -0.750000000  -0.750000000  -0.250000000 ) 

    1    1
  0.23354374  0.00000000    0.00546551  0.00000000    0.00594829 -0.00752456
  0.00546551  0.00000000    0.23354374  0.00000000    0.00594829 -0.00752456
  0.00594829  0.00752456    0.00594829  0.00752456    0.28348236  0.00000000
    1    2
  0.05859186  0.05757342   -0.12437478  0.03792866   -0.03983448 -0.03764805
 -0.12437478  0.03792866    0.05859186  0.05757342   -0.03983448 -0.03764805
 -0.03983448 -0.03764805   -0.03983448 -0.03764805    0.07720636  0.05600634
    2    1
  0.05859186 -0.05757342   -0.12437478 -0.03792866   -0.03983448  0.03764805
 -0.12437478 -0.03792866    0.05859186 -0.05757342   -0.03983448  0.03764805
 -0.03983448  0.03764805   -0.03983448  0.03764805    0.07720636 -0.05600634
    2    2
  0.23354374  0.00000000    0.00546551  0.00000000    0.00594829  0.00752456
  0.00546551  0.00000000    0.23354374  0.00000000    0.00594829  0.00752456
  0.00594829 -0.00752456    0.00594829 -0.00752456    0.28348236  0.00000000

     Dynamical  Matrix in cartesian axes

     q = (    0.250000000  -0.750000000   0.750000000 ) 

    1    1
  0.28348236  0.00000000   -0.00594829 -0.00752456    0.00594829  0.00752456
 -0.00594829  0.00752456    0.23354374  0.00000000   -0.00546551  0.00000000
  0.00594829 -0.00752456   -0.00546551  0.00000000    0.23354374  0.00000000
    1    2
 -0.07720636 -0.05600634   -0.03983448 -0.03764805    0.03983448  0.03764805
 -0.03983448 -0.03764805   -0.05859186 -0.05757342   -0.12437478  0.03792866
  0.03983448  0.03764805   -0.12437478  0.03792866   -0.05859186 -0.05757342
    2    1
 -0.07720636  0.05600634   -0.03983448  0.03764805    0.03983448 -0.03764805
 -0.03983448  0.03764805   -0.05859186  0.05757342   -0.12437478 -0.03792866
  0.03983448 -0.03764805   -0.12437478 -0.03792866   -0.05859186  0.05757342
    2    2
  0.28348236  0.00000000   -0.00594829  0.00752456    0.00594829 -0.00752456
 -0.00594829 -0.00752456    0.23354374  0.00000000   -0.00546551  0.00000000
  0.00594829  0.00752456   -0.00546551  0.00000000    0.23354374  0.00000000

     Dynamical  Matrix in cartesian axes

     q = (   -0.750000000  -0.750000000   0.250000000 ) 

    1    1
  0.23354374  0.00000000    0.00546551  0.00000000   -0.00594829 -0.00752456
  0.00546551  0.00000000    0.23354374  0.00000000   -0.00594829 -0.00752456
 -0.00594829  0.00752456   -0.00594829  0.00752456    0.28348236  0.00000000
    1    2
 -0.05757342 -0.05859186   -0.03792866  0.12437478   -0.03764805 -0.03983448
 -0.03792866  0.12437478   -0.05757342 -0.05859186   -0.03764805 -0.03983448
 -0.03764805 -0.03983448   -0.03764805 -0.03983448   -0.05600634 -0.07720636
    2    1
 -0.05757342  0.05859186   -0.03792866 -0.12437478   -0.03764805  0.03983448
 -0.03792866 -0.12437478   -0.05757342  0.05859186   -0.03764805  0.03983448
 -0.03764805  0.03983448   -0.03764805  0.03983448   -0.05600634  0.07720636
    2    2
  0.23354374  0.00000000    0.00546551  0.00000000   -0.00594829  0.00752456
  0.00546551  0.00000000    0.23354374  0.00000000   -0.00594829  0.00752456
 -0.00594829 -0.00752456   -0.00594829 -0.00752456    0.28348236  0.00000000

     Dynamical  Matrix in cartesian axes

     q = (    0.250000000   0.750000000   0.750000000 ) 

    1    1
  0.28348236  0.00000000    0.00594829 -0.00752456    0.00594829 -0.00752456
  0.00594829  0.00752456    0.23354374  0.00000000    0.00546551  0.00000000
  0.00594829  0.00752456    0.00546551  0.00000000    0.23354374  0.00000000
    1    2
  0.07720636 -0.05600634   -0.03983448  0.03764805   -0.03983448  0.03764805
 -0.03983448  0.03764805    0.05859186 -0.05757342   -0.12437478 -0.03792866
 -0.03983448  0.03764805   -0.12437478 -0.03792866    0.05859186 -0.05757342
    2    1
  0.07720636  0.05600634   -0.03983448 -0.03764805   -0.03983448 -0.03764805
 -0.03983448 -0.03764805    0.05859186  0.05757342   -0.12437478  0.03792866
 -0.03983448 -0.03764805   -0.12437478  0.03792866    0.05859186  0.05757342
    2    2
  0.28348236  0.00000000    0.00594829  0.00752456    0.00594829  0.00752456
  0.00594829 -0.00752456    0.23354374  0.00000000    0.00546551  0.00000000
  0.00594829 -0.00752456    0.00546551  0.00000000    0.23354374  0.00000000

     Dynamical  Matrix in cartesian axes

     q = (   -0.250000000  -0.750000000   0.750000000 ) 

    1    1
  0.28348236  0.00000000    0.00594829 -0.00752456   -0.00594829  0.00752456
  0.00594829  0.00752456    0.23354374  0.00000000   -0.00546551  0.00000000
 -0.00594829 -0.00752456   -0.00546551  0.00000000    0.23354374  0.00000000
    1    2
 -0.07720636  0.05600634    0.03983448 -0.03764805   -0.03983448  0.03764805
  0.03983448 -0.03764805   -0.05859186  0.05757342   -0.12437478 -0.03792866
 -0.03983448  0.03764805   -0.12437478 -0.03792866   -0.05859186  0.05757342
    2    1
 -0.07720636 -0.05600634    0.03983448  0.03764805   -0.03983448 -0.03764805
  0.03983448  0.03764805   -0.05859186 -0.05757342   -0.12437478  0.03792866
 -0.03983448 -0.03764805   -0.12437478  0.03792866   -0.05859186 -0.05757342
    2    2
  0.28348236  0.00000000    0.00594829  0.00752456   -0.00594829 -0.00752456
  0.00594829 -0.00752456    0.23354374  0.00000000   -0.00546551  0.00000000
 -0.00594829  0.00752456   -0.00546551  0.00000000    0.23354374  0.00000000

     Dynamical  Matrix in cartesian axes

     q = (    0.750000000   0.750000000   0.250000000 ) 

    1    1
  0.23354374  0.00000000    0.00546551  0.00000000    0.00594829  0.00752456
  0.00546551  0.00000000    0.23354374  0.00000000    0.00594829  0.00752456
  0.00594829 -0.00752456    0.00594829 -0.00752456    0.28348236  0.00000000
    1    2
  0.05859186 -0.05757342   -0.12437478 -0.03792866   -0.03983448  0.03764805
 -0.12437478 -0.03792866    0.05859186 -0.05757342   -0.03983448  0.03764805
 -0.03983448  0.03764805   -0.03983448  0.03764805    0.07720636 -0.05600634
    2    1
  0.05859186  0.05757342   -0.12437478  0.03792866   -0.03983448 -0.03764805
 -0.12437478  0.03792866    0.05859186  0.05757342   -0.03983448 -0.03764805
 -0.03983448 -0.03764805   -0.03983448 -0.03764805    0.07720636  0.05600634
    2    2
  0.23354374  0.00000000    0.00546551  0.00000000    0.00594829 -0.00752456
  0.00546551  0.00000000    0.23354374  0.00000000    0.00594829 -0.00752456
  0.00594829  0.00752456    0.00594829  0.00752456    0.28348236  0.00000000

     Dynamical  Matrix in cartesian axes

     q = (    0.250000000  -0.750000000  -0.750000000 ) 

    1    1
  0.28348236  0.00000000   -0.00594829  0.00752456   -0.00594829  0.00752456
 -0.00594829 -0.00752456    0.23354374  0.00000000    0.00546551  0.00000000
 -0.00594829 -0.00752456    0.00546551  0.00000000    0.23354374  0.00000000
    1    2
 -0.05600634 -0.07720636   -0.03764805 -0.03983448   -0.03764805 -0.03983448
 -0.03764805 -0.03983448   -0.05757342 -0.05859186   -0.03792866  0.12437478
 -0.03764805 -0.03983448   -0.03792866  0.12437478   -0.05757342 -0.05859186
    2    1
 -0.05600634  0.07720636   -0.03764805  0.03983448   -0.03764805  0.03983448
 -0.03764805  0.03983448   -0.05757342  0.05859186   -0.03792866 -0.12437478
 -0.03764805  0.03983448   -0.03792866 -0.12437478   -0.05757342  0.05859186
    2    2
  0.28348236  0.00000000   -0.00594829 -0.00752456   -0.00594829 -0.00752456
 -0.00594829  0.00752456    0.23354374  0.00000000    0.00546551  0.00000000
 -0.00594829  0.00752456    0.00546551  0.00000000    0.23354374  0.00000000

     Dynamical  Matrix in cartesian axes

     q = (    0.750000000  -0.750000000  -0.250000000 ) 

    1    1
  0.23354374  0.00000000   -0.00546551  0.00000000   -0.00594829 -0.00752456
 -0.00546551  0.00000000    0.23354374  0.00000000    0.00594829  0.00752456
 -0.00594829  0.00752456    0.00594829 -0.00752456    0.28348236  0.00000000
    1    2
 -0.05859186  0.05757342   -0.12437478 -0.03792866   -0.03983448  0.03764805
 -0.12437478 -0.03792866   -0.05859186  0.05757342    0.03983448 -0.03764805
 -0.03983448  0.03764805    0.03983448 -0.03764805   -0.07720636  0.05600634
    2    1
 -0.05859186 -0.05757342   -0.12437478  0.03792866   -0.03983448 -0.03764805
 -0.12437478  0.03792866   -0.05859186 -0.05757342    0.03983448  0.03764805
 -0.03983448 -0.03764805    0.03983448  0.03764805   -0.07720636 -0.05600634
    2    2
  0.23354374  0.00000000   -0.00546551  0.00000000   -0.00594829  0.00752456
 -0.00546551  0.00000000    0.23354374  0.00000000    0.00594829 -0.00752456
 -0.00594829 -0.00752456    0.00594829  0.00752456    0.28348236  0.00000000

     Diagonalizing the dynamical matrix

     q = (    0.750000000  -0.250000000   0.750000000 ) 

 **************************************************************************
     freq (    1) =       4.316097 [THz] =     143.969485 [cm-1]
 ( -0.053377  0.497143 -0.000000 -0.000000  0.053377 -0.497143 ) 
 ( -0.500000 -0.000000 -0.000000 -0.000000  0.500000  0.000000 ) 
     freq (    2) =       5.875025 [THz] =     195.969754 [cm-1]
 ( -0.393854 -0.150244 -0.346779  0.156063 -0.393854 -0.150244 ) 
 ( -0.421538 -0.000000 -0.268381 -0.269413 -0.421538  0.000000 ) 
     freq (    3) =       9.160730 [THz] =     305.569054 [cm-1]
 ( -0.099293  0.297369 -0.396632 -0.382241 -0.099293  0.297369 ) 
 (  0.313508 -0.000000 -0.236944 -0.497275  0.313508  0.000000 ) 
     freq (    4) =      11.748441 [THz] =     391.885800 [cm-1]
 ( -0.106347 -0.319880  0.406177  0.328259 -0.106347 -0.319880 ) 
 (  0.337095  0.000000 -0.439636 -0.281875  0.337095  0.000000 ) 
     freq (    5) =      13.199830 [THz] =     440.298941 [cm-1]
 ( -0.053377  0.497143 -0.000000 -0.000000  0.053377 -0.497143 ) 
 (  0.500000  0.000000 -0.000000 -0.000000 -0.500000  0.000000 ) 
     freq (    6) =      13.614736 [THz] =     454.138705 [cm-1]
 (  0.298115  0.146673  0.477823 -0.225642  0.298115  0.146673 ) 
 ( -0.332243 -0.000000 -0.329128 -0.413405 -0.332243  0.000000 ) 
 **************************************************************************
